38
75
43
89
76
69
59
94
90
86
41
92
84
71
55
47
65
60
38
40
99
66
69
41
44
61
72
75
77
77
40
81
67
59
58
77
88
89
72
54
93
85
97
96
73
37
67
48
92
45
88
91
99
99
78
62
51
54
91
50
61
65
82
58
44
95
52
52
76
83
91
85
69
45
86
68
67
97
86
67
77
62
85
78
75
60
38
47
65
89
71
99
86
58
41
81
70
60
83
71
38
97
37
95
83
55
65
61
98
82
39
93
90
76
43
42
90
68
39
70
85
63
52
75
82
86
84
68
35
60
91
53
71
81
65
67
97
95
74
58
68
61
92
56
67
52
99
54
85
75
44
87
91
63
70
94
51
99
75
57
72
44
91
79
81
44
91
35
68
86
56
97
53
57
37
85
91
